Year CLFPRM1 CLFPRF2 UNRM3 UNRF4 AHE825 AHE6
1980 77.40000 51.50000 6.900000 7.400000 7.990000 6.840000
1981 77.00000 52.10000 7.400000 7.900000 7.880000 7.430000
1982 76.60000 52.60000 9.900000 9.400000 7.860000 7.860000
1983 76.40000 52.90000 9.900000 9.200000 7.950000 8.190000
1984 76.40000 53.60000 7.400000 7.600000 7.950000 8.480000
1985 76.30000 54.50000 7.000000 7.400000 7.910000 8.730000
1986 76.30000 55.30000 6.900000 7.100000 7.960000 8.920000
1987 76.20000 56.00000 6.200000 6.200000 7.860000 9.130000
1988 76.20000 56.60000 5.500000 5.600000 7.810000 9.430000
1989 76.40000 57.40000 5.200000 5.400000 7.750000 9.800000
1990 76.40000 57.50000 5.700000 5.500000 7.660000 10.190000
1991 75.80000 57.40000 7.200000 6.400000 7.580000 10.500000
1992 75.80000 57.80000 7.900000 7.000000 7.550000 10.760000
1993 75.40000 57.90000 7.200000 6.600000 7.520000 11.030000
1994 75.10000 58.80000 6.200000 6.000000 7.530000 11.320000
1995 75.00000 58.90000 5.600000 5.600000 7.530000 11.640000
1996 74.90000 59.30000 5.400000 5.400000 7.570000 12.030000
1997 75.00000 59.80000 4.900000 5.000000 7.680000 12.490000
1998 74.90000 59.80000 4.400000 4.600000 7.890000 13.000000
1999 74.70000 60.00000 4.100000 4.300000 8.000000 13.470000
2000 74.80000 59.90000 3.900000 4.100000 8.030000 14.000000
2001 74.40000 59.80000 4.800000 4.700000 8.110000 14.530000
2002 74.10000 59.60000 5.900000 5.600000 8.240000 14.950000
2003 73.50000 59.50000 6.300000 5.700000 8.270000 15.350000
2004 73.30000 59.20000 5.600000 5.400000 8.230000 15.670000
2005 73.30000 59.30000 5.100000 5.100000 8.170000 16.110000
2006 73.50000 59.40000 4.600000 4.600000 8.230000 16.730000
